11 0 0 0 0 6 0 8 0 7 0 22 23 20 21 0 2 0 0 0 0 0 0 0 0
0 0 0 0 8 1 24 0 0 0 0 17 0 0 16 0 0 0 23 20 0 0 10 0 0
21 20 0 0 0 0 14 18 15 0 4 7 8 0 0 9 0 0 0 0 2 0 25 0 0
0 15 17 0 18 0 0 13 0 12 0 0 0 0 0 0 0 0 8 0 0 21 20 0 19
1 0 0 24 0 0 19 23 0 0 0 0 0 0 0 0 0 16 0 0 0 0 0 0 0
10 9 11 8 12 5 0 7 0 6 18 21 0 0 20 23 0 0 2 24 16 0 0 0 0
20 19 0 18 0 0 0 0 14 0 0 6 0 0 0 8 11 0 12 0 0 0 24 0 0
25 24 1 0 0 20 0 0 19 21 0 11 0 0 0 0 16 0 0 0 0 0 4 7 0
15 0 0 0 0 0 0 0 9 0 0 1 0 0 25 0 6 5 7 4 0 0 0 22 0
5 4 6 3 0 0 0 2 0 1 13 0 0 0 15 18 21 20 22 0 0 0 0 0 0
2 1 3 0 4 0 20 24 0 0 10 0 0 0 0 15 18 0 0 16 0 0 0 0 0
22 0 0 0 24 0 15 0 16 18 0 8 9 6 0 10 0 12 0 0 0 2 0 4 25
7 0 8 0 9 0 25 4 0 0 0 0 0 0 17 0 0 22 0 0 13 0 11 14 10
12 11 0 0 0 0 0 9 6 0 0 0 0 21 0 0 0 0 0 0 18 0 0 19 0
0 16 18 0 0 0 0 0 11 13 0 3 0 0 0 0 0 7 0 6 0 22 21 24 20
0 0 24 0 0 0 0 0 0 0 0 0 0 0 0 0 0 0 15 0 4 0 2 0 0
18 0 0 0 20 13 11 15 12 14 1 0 5 0 0 0 0 0 0 7 24 23 0 25 21
3 0 4 1 0 0 0 0 0 0 0 14 0 12 0 16 19 18 20 17 0 0 0 0 6
0 0 0 0 10 0 0 0 0 0 0 0 20 0 0 0 0 23 0 0 14 13 0 0 11
0 0 14 0 0 0 6 10 7 0 21 24 0 0 0 1 0 0 5 0 19 18 0 0 0
24 0 0 22 1 19 17 0 0 0 0 0 0 0 9 0 0 0 16 13 5 0 0 0 2
0 0 10 0 0 0 0 0 0 0 17 0 21 0 0 22 0 0 0 23 0 14 0 0 12
19 0 20 17 0 0 12 0 0 0 0 5 6 0 4 0 10 9 11 0 25 0 23 1 22
14 0 0 0 16 9 0 0 0 0 0 0 0 0 24 0 0 0 6 0 20 0 0 21 0
0 0 5 0 6 0 0 0 0 0 12 0 0 0 14 0 0 0 0 0 0 0 0 0 7